pbbs_sequencePoint2d
7.22556228620e-01 -4.37574016600e-01
7.93006685932e-02 6.41120014545e-01
2.84252367580e-01 1.96623080502e-02
-6.35533680038e-01 -2.19522958258e-01
-5.78913114769e-01 7.08049884861e-01
-2.88442797628e-01 -7.93291416854e-01
1.37576643907e-01 -9.80940919361e-01
2.13292366459e-01 -1.67079311873e-02
-6.64362400148e-02 -6.32440875113e-01
-2.27976390732e-01 9.06805820254e-02
3.40610498255e-01 -8.73550634772e-01
-1.10704561281e-01 -6.87798620522e-02
5.31000913834e-01 5.61182478238e-01
-6.98990290844e-01 -2.91976905098e-01
-4.87244988553e-01 8.22056360460e-01
7.98067685123e-01 -5.17988750021e-02
3.19906976689e-01 9.33445995643e-01
-2.96026174583e-01 -3.03012314394e-02
8.08220089324e-01 1.59176769275e-01
-3.91188685499e-01 4.30120930742e-01
2.76325254364e-01 -3.79981158944e-01
-2.31448189929e-01 -8.86413790233e-01
-8.38445098064e-01 5.21791338698e-01
-3.85770485916e-02 -2.95303493410e-01
-8.27760739172e-01 2.97579534956e-01
-4.65053483595e-01 2.63992321335e-01
-6.29348214543e-01 6.35493532585e-01
3.16264287250e-01 3.43584220551e-01
-1.49009167752e-01 4.07602188833e-01
-8.13936777326e-01 -4.31656419035e-01
-6.66020721042e-01 5.28842759099e-01
-3.04332067866e-01 1.01253300487e-01
6.49164927960e-01 -5.18979177586e-01
-1.99848287366e-01 2.09292290364e-01
-5.16999191380e-01 5.86389341199e-01
-1.12366824929e-01 2.03023111077e-01
-1.66395218655e-01 -4.89523502760e-01
3.78439571419e-01 4.03058019189e-01
-9.75603617716e-01 1.92222771790e-01
6.51196134114e-01 5.32765680706e-01
2.31358093783e-01 -7.43699110925e-01
-1.91013201694e-01 -9.23827636020e-01
-6.35456308553e-01 -2.91473057722e-01
-8.88564811036e-01 -2.03770048546e-01
3.06255925124e-01 4.10232493379e-01
4.36179246491e-01 -7.31254993813e-01
6.40928267334e-01 7.19517451580e-01
8.43457954863e-01 1.09254375617e-01
9.37816968159e-01 2.48732710839e-01
5.31394819511e-01 1.57404833081e-01
-4.64688643564e-01 3.17045900653e-01
2.14096298075e-01 -7.70178429675e-01
-4.11283775890e-01 5.37298584141e-01
-2.99514300795e-01 -3.68513034363e-01
-7.37800022465e-01 1.47859735949e-01
7.18415827359e-01 2.80938563068e-02
-1.11624514270e-01 -5.62989733910e-01
-3.58349919020e-01 -6.09220024016e-01
1.26335747133e-01 2.45891406781e-01
8.23832470842e-01 -2.11671752488e-01
2.32592024483e-01 -1.54962951855e-01
-1.88170194248e-01 6.47405507810e-01
2.60465345932e-01 5.55728206204e-01
-4.05522962755e-01 6.06286309476e-01
7.60906599351e-01 -5.10699312906e-01
6.65211020813e-01 -1.22687385009e-01
-1.70382276722e-01 8.85291621967e-01
1.48371127969e-01 2.68095117653e-01
8.22387100580e-02 9.70919804634e-01
-2.17296080299e-01 -1.05473298163e-01
-5.05607682050e-01 -4.72160870895e-01
-3.33847902405e-01 8.18420272236e-01
-7.48041456448e-01 1.61653563921e-01
7.71728001429e-01 -7.10169622074e-02
4.10134739899e-01 3.72398132166e-01
5.77561320075e-02 7.24359052127e-01
3.15531087255e-02 8.96459156599e-01
3.82375145975e-01 6.65479224019e-01
-6.65845764180e-02 8.69241377278e-01
5.82664103984e-01 -3.41397817406e-02
3.06840423172e-01 -7.90150231118e-03
-5.34890089899e-01 -5.14671387856e-01
-1.20537444540e-01 -8.16773380068e-01
3.33645584683e-01 7.80793417143e-01
-6.41705972907e-01 7.39119085362e-01
-2.58215222162e-01 5.95726008339e-01
-4.81560026054e-01 8.75963347906e-01
-1.87426743651e-01 -7.33858687679e-01
-5.77149154421e-01 8.31090179659e-02
-6.13898025180e-02 1.29983165828e-01
-2.82321203166e-01 -8.57909373407e-02
-3.61214964819e-02 -9.92533056993e-01
1.37921585300e-01 -5.19009917285e-02
-4.02540902329e-01 4.58998230965e-01
5.61791032349e-01 2.61295995331e-01
-5.09669711119e-02 5.71207648875e-01
5.58082177098e-01 5.90152654606e-01
-5.60966139455e-01 6.35709676722e-01
-9.21529951003e-03 -8.77227373364e-01
-7.40940743005e-01 -4.82267377657e-01
-4.66295037170e-01 -6.41205451284e-01
7.31439375194e-01 1.93802935627e-01
-3.63791771868e-01 -8.59775827667e-02
-3.09626535191e-01 -6.48700372152e-01
-5.52153018095e-01 5.61253181454e-01
2.19637554707e-01 -8.92989170688e-01
6.62751895219e-01 6.04877295254e-03
1.62366223131e-01 5.51612255886e-01
-2.90290269670e-01 -4.54570269889e-01
5.02804265126e-01 -9.71176387263e-02
-5.67717389468e-02 -5.98096345364e-01
-5.90254216264e-01 -7.99694148730e-01
4.01468534675e-01 4.42518741564e-01
3.70440806900e-01 -3.82587030242e-01
8.88101659197e-02 8.40014396161e-01
-4.91023878330e-01 -3.58738977163e-01
3.49440485867e-01 -5.48742634965e-01
7.89538723319e-01 4.32425035831e-01
4.66169974518e-01 8.17999658556e-02
8.61490534554e-01 2.07285979394e-01
-2.68356125461e-01 -2.20063631991e-01
-7.14441193135e-01 5.23240054736e-01
2.63069394633e-01 5.11138313222e-01
-5.66227788835e-01 2.59475371456e-01
2.96481093995e-01 -8.87354962475e-01
-5.65164472705e-01 2.82087361106e-01
-9.02236015490e-01 -1.23079306969e-01
6.55453070372e-02 7.27719556413e-01
2.20324003706e-01 6.42718647440e-01
1.62732891349e-01 6.84144862780e-01
-2.28587020761e-01 -4.99564282363e-01
1.93738503006e-01 2.65030101996e-02
1.99082065932e-01 8.90197091685e-01
-2.03746431602e-02 -7.28903016881e-01
-4.13417796331e-01 2.12320673844e-01
2.05603712334e-02 6.64538865753e-01
-2.66851512374e-01 9.53901953974e-01
-2.94805474251e-01 8.02665436548e-01
-1.33512723787e-01 3.99210379179e-01
7.78767233611e-01 -4.03305010592e-01
5.72019968914e-01 -4.59152660546e-02
3.30919057751e-01 -3.30776020573e-01
-9.29197125104e-01 8.31339462116e-03
-1.98483588732e-01 3.93707746358e-01
2.09627630752e-01 -8.67094133919e-01
3.10482461616e-01 -3.07457670247e-01
1.24403552676e-01 -8.07022644117e-01
3.54794020464e-01 4.68932814649e-01
-4.33271236454e-01 5.08739498215e-01
6.02403531597e-01 -3.30841648546e-02
-1.91201424781e-01 2.89882696369e-02
-6.08852232624e-01 -3.31223028401e-01
2.25958783750e-01 -6.58722251495e-01
5.47688945917e-01 -2.22065948519e-01
-7.27359527595e-01 6.23694807116e-01
1.74558136228e-01 -1.03438130162e-01
-1.15495389847e-01 6.95982361071e-01
-3.51450643200e-01 5.74343410122e-01
1.39016220876e-01 7.78871794128e-01
1.64821222036e-01 7.31907605069e-01
-9.41458288553e-01 -1.95048624275e-01
5.31909051133e-01 5.03337636359e-01
-9.44374380607e-01 2.66623171636e-01
5.92249687571e-01 4.61101175966e-01
4.99770804075e-01 -5.77883614031e-01
-8.22715158492e-01 -3.11950402945e-01
7.43239899046e-01 5.27697005555e-02
9.20656894297e-01 1.29249378633e-01
7.37204408151e-01 2.87012509670e-01
-2.48515842133e-01 -1.74660622224e-02
-7.11441364936e-01 2.59513317263e-01
-1.58765658344e-01 -2.43962906880e-01
-3.44927086190e-01 8.67323593175e-01
-1.09438131149e-01 -1.00595536689e-02
8.87102663464e-01 -2.57194156413e-01
-6.32940423504e-01 -6.92797326805e-02
5.19024015180e-01 -1.03999753531e-02
-2.95822081759e-01 -5.02799073003e-01
4.21739454112e-01 -1.00896502426e-01
-1.54088218303e-01 -2.70426700483e-01
5.44896380764e-01 -1.25590538199e-01
5.94988799465e-01 1.29757854217e-02
-9.64729293233e-01 -9.72870341955e-02
1.99164053052e-01 -2.19662765609e-01
1.72434362197e-01 -4.85129644855e-01
-1.47540180547e-01 8.40937782936e-01
2.46631629414e-01 5.17817617169e-01
6.98037209780e-01 2.57395908822e-01
1.93253108390e-02 5.92300091680e-01
-3.48436231422e-01 -2.98004109086e-01
-6.20412067799e-02 -9.08351739826e-01
4.95447813298e-01 1.42018442574e-01
-7.96131767238e-01 2.56401979018e-01
2.40689356458e-01 -5.18950657695e-01
-2.45162887147e-01 -9.22118866780e-01
-8.40975692422e-01 -3.44580580175e-01
3.55734036935e-01 3.84871367079e-01
8.52468807182e-01 3.04508456636e-01
-1.90851678695e-01 1.02360765032e-01
-6.91848249031e-01 3.62629620062e-01
2.17965145231e-01 -7.82725955258e-01
-3.64986232186e-01 2.15602350056e-01
3.71419693051e-01 2.84591722435e-02
2.45849598779e-01 9.16348293385e-01
-5.52096986469e-02 3.47432456607e-01
-8.81627277416e-01 2.44577733448e-01
2.88290617656e-01 4.17891645533e-01
-6.19163616383e-01 5.59787913021e-01
2.61723214417e-01 7.73256128548e-01
8.64895736270e-02 -6.39360389504e-01
5.33482487096e-01 2.21171554747e-01
8.01428505593e-02 -2.79905123301e-01
-1.97281331381e-01 -5.07298082815e-01
-5.72557737852e-01 -5.36462903738e-01
-2.44885159305e-01 7.69124849592e-01
4.61808030243e-01 -8.02500280460e-01
-6.62291605800e-01 6.08381421123e-01
-5.92146781083e-01 5.71417832548e-01
9.11112712189e-02 6.43361831849e-01
3.26891081094e-01 -3.91180126644e-01
6.57732838605e-01 5.72208516101e-01
-2.95744686991e-01 7.41617621734e-01
4.21341016619e-01 2.96918158092e-01
-2.79543853961e-01 -5.44589590069e-01
-8.74733135046e-01 1.15450642591e-01
-8.29137755478e-01 4.82667118070e-01
-7.31980503412e-01 -6.36835470627e-01
8.42092312799e-01 -5.34245951816e-01
-7.46522979227e-02 9.45103017588e-01
-7.24573149683e-02 6.00633378886e-01
2.78141880072e-01 4.94770060058e-01
-6.30603263914e-01 -3.95575934274e-02
-1.90176577396e-02 7.73476587503e-01
9.26860119648e-02 -2.43866845613e-01
5.39306910028e-02 9.70974513316e-01
-5.28433847953e-01 -7.85594006900e-01
-2.76244816033e-01 -7.33468769925e-01
6.97452181809e-01 -3.11184965685e-01
7.61939380207e-01 2.82394603492e-01
-5.24998806196e-01 -7.19666200559e-01
-4.95272288795e-01 6.20533319945e-01
1.47904497640e-02 -7.32518756172e-02
8.51634859970e-01 -2.08223905977e-01
-4.34742832293e-01 -2.57803514254e-01
-1.60453389473e-02 6.77742410301e-01
4.36517342663e-01 -7.88898491202e-01
5.85947321069e-02 3.18267191443e-01
-1.55132313797e-01 -7.51071818988e-01
-2.96403647073e-01 -8.33318343308e-01
-3.07072601424e-02 -3.28665251531e-01
4.41123314873e-01 -1.47757309092e-01
4.24918455735e-01 -7.86571536114e-01
4.26033648395e-01 -1.04994402782e-01
4.93855523641e-01 -1.12505591993e-01
-2.49518887256e-02 3.19913210962e-01
8.43873289807e-02 4.01090523880e-01
4.54971164211e-01 7.84046867762e-01
-2.22962568152e-01 4.99890409177e-01
-4.32407984246e-01 -6.18932742448e-01
6.46244348793e-01 -5.81838757536e-01
1.56276707145e-01 -3.74106421775e-01
-1.02807582870e-01 -8.63469315629e-01
-3.75439434021e-01 5.57027966975e-02
-2.64858415008e-01 -6.36287887411e-01
3.09812544524e-01 -6.85789094160e-01
3.92232485764e-01 -8.35906998178e-01
-3.58175774737e-01 -3.98933833185e-01
4.44737972433e-01 7.63611696085e-02
-6.95971368670e-01 -6.66265413941e-01
3.18080947417e-01 -3.89119922830e-01
1.77864638706e-01 5.18766199015e-01
3.00024099322e-01 3.20547471438e-01
3.31074004216e-02 6.77803620080e-02
-4.74322349985e-02 -4.12730494241e-01
-5.78555474793e-01 -6.05321799221e-01
9.66462246592e-02 5.49257571599e-01
1.90310855019e-01 2.61676206841e-01
8.15601737153e-01 -1.76626357798e-01
3.14180319809e-01 7.16212167272e-01
-3.15632994899e-01 -5.84688491926e-01
2.90728422483e-01 -7.31567823203e-01
-1.62056905759e-01 -9.21208716892e-01
8.77278688307e-01 -3.94216496215e-01
-3.84303862874e-01 -8.00008679647e-01
3.16121696176e-01 -1.34463255822e-01
-2.40889161472e-01 2.89310386073e-01
6.70055000889e-01 -1.41188419955e-01
3.14506207274e-01 -6.88254010718e-01
4.42014324219e-01 8.18292091516e-01
-5.07145678395e-01 7.03030143726e-01
-5.44122063343e-01 -5.45735780869e-01
8.89891431616e-01 -2.27291831387e-01
6.84034661708e-02 3.57724637425e-01
8.97167585742e-01 -2.37736473902e-02
-8.42812398375e-01 -3.43902974084e-01
8.99360138410e-02 -9.24138162250e-01
-8.65463405785e-01 4.39296203404e-01
7.27540362499e-01 4.95826682772e-01
-3.61936433875e-01 2.30212750486e-01
-3.35856811766e-01 -8.65419052479e-01
1.35692721762e-01 8.98072176565e-01
7.81112545999e-01 -3.63457249647e-03
-4.98029282083e-01 -7.67136975083e-01
4.12091041641e-01 -1.54121228100e-01
-5.11121140100e-02 -1.87685203360e-01
5.39890141012e-01 1.17136030047e-01
4.05761566668e-01 2.87576503720e-01
3.62791306042e-01 4.22701762720e-01
8.61776846397e-01 -2.66271749170e-01
-3.64470277617e-01 -1.44027067881e-01
-5.12763321173e-01 -6.42574309205e-01
4.84933209366e-01 -4.57526214168e-01
-4.87325752847e-01 -3.01817968163e-01
6.79028973765e-01 -6.20015403079e-01
-4.65574337852e-01 -5.38852701680e-01
-6.71328080665e-01 -2.63605720952e-01
4.19165722755e-01 4.13395792904e-01
-5.90201407014e-02 -6.94479676753e-01
-1.15504826007e-01 -2.69532117652e-01
3.12844362721e-01 7.69093243298e-01
-3.40845880723e-01 2.66975745217e-01
-9.74506498768e-02 -4.21291693776e-01
-5.32114863178e-01 2.91846054742e-02
1.91048723734e-02 7.40884927912e-01
-3.63518972585e-01 -2.34872050227e-01
4.56809785895e-01 5.29919465785e-01
-7.27107825562e-01 1.85942536772e-01
-8.41738904753e-01 2.19933264991e-02
3.12864296750e-01 -7.46224881963e-01
-4.72440577798e-01 7.19177889507e-01
-4.39811013378e-01 4.65100938205e-01
4.23533373244e-01 6.10290897829e-01
4.02314629127e-01 -8.45587220902e-01
6.46472547039e-01 -2.40349979717e-01
9.45616933026e-03 -4.70635544262e-01
-7.97465921285e-01 -1.30334717748e-01
-7.78702981667e-01 -5.95143221130e-01
-4.91894760864e-01 -6.43810315823e-01
-6.67226252922e-01 -1.06478049935e-01
4.76148944104e-01 4.87453085132e-01
-1.79018606515e-02 -9.22615715266e-01
-5.78474193149e-02 7.97095070499e-01
-1.07297181667e-01 -7.56980632319e-01
2.30142500824e-01 -6.19889730411e-01
3.49295966024e-01 -1.41178324419e-01
3.13570650906e-01 1.80901737502e-01
2.78357743881e-01 9.36529227503e-01
2.62546115211e-01 9.58276323955e-01
-2.77779478243e-01 3.16560949812e-01
3.22803766617e-02 -5.22773518005e-01
-8.26456161135e-01 -4.51243530703e-01
-5.72647031198e-01 8.18374892612e-01
4.26170550020e-01 -4.28569644423e-01
4.65111357842e-01 -4.27619090969e-01
-6.59864894887e-01 -1.65804575740e-01
-4.52961907933e-02 -4.46896150451e-01
-1.65927479587e-01 1.17412798627e-01
5.77820713435e-01 -5.23832089046e-01
6.94366596031e-02 8.30047389413e-01
1.42169230218e-01 -3.89490354522e-01
7.16570598873e-01 -3.45677894235e-01
5.57102761491e-02 2.17407015254e-02
-8.91522444268e-02 -5.76093124960e-01
5.72005897561e-01 3.34895752061e-01
-5.10485758777e-01 -2.80474618674e-01
-6.10051149321e-01 4.08441590801e-01
-2.86809744913e-01 -5.97566667757e-01
3.64297689108e-02 9.51949436195e-01
5.93048263152e-01 -2.30762016601e-01
-1.51182154730e-01 -8.66712439743e-01
-2.43447747661e-01 -4.67307668863e-01
1.28000917438e-01 5.98614779114e-01
-4.86067455954e-01 -6.16367149919e-01
-7.85665553895e-01 -1.33585386506e-01
-4.34070447196e-01 8.42479829603e-01
3.26543946437e-01 4.77583646065e-02
2.05166297595e-01 5.60740376618e-01
-9.10326526459e-01 1.78360796151e-01
4.18526303684e-01 -2.30986960805e-01
2.30280748210e-01 1.32725935957e-01
-7.23090042231e-01 3.60185574442e-01
4.31870109137e-01 -6.83395526224e-01
3.14990265907e-01 9.32935438088e-01
1.46999633474e-01 -9.23828134278e-01
6.01713947766e-01 -6.98295898595e-01
-8.19722067481e-01 4.39757848829e-01
4.55556690439e-01 -8.01318381820e-01
-2.66265696970e-02 -1.01047438151e-01
-2.76970162651e-01 1.34646285854e-01
6.88473583054e-01 -3.82258587229e-01
4.82168695648e-01 7.11821200192e-01
-8.87165643222e-01 -2.33612984062e-01
9.81665520920e-01 4.14458052448e-02
2.15858329654e-01 4.38223941921e-01
5.68475020383e-02 -4.76142807620e-01
4.16994099699e-02 -3.34631037589e-01
3.03766220018e-02 -3.69346593679e-02
-5.06734248021e-01 -8.04367278611e-01
4.82060007510e-01 -4.58191424356e-01
3.92715954870e-01 8.33284143281e-01
-7.15548075603e-01 6.46248200744e-01
5.70526584317e-02 3.47857474977e-01
-7.07727796728e-02 -7.96444030384e-01
-4.61229237477e-01 -6.39269728046e-01
3.13440296014e-02 3.72169314591e-01
1.83292165950e-01 4.93671833767e-02
3.87547132740e-02 6.82778195796e-02
7.45010386102e-01 -1.13219120592e-02
4.64118910238e-02 6.74915414152e-01
7.17764799817e-02 -5.90060573812e-01
4.57912567751e-01 6.60739718778e-01
8.34315392112e-01 4.97871732105e-01
-4.89498621546e-01 5.72879010613e-01
-8.50472222013e-01 1.65302865750e-01
6.08620507460e-01 -7.44439285130e-01
-1.76885730204e-01 8.73675820359e-01
1.94350883921e-01 5.93652111289e-01
-9.74649596482e-02 2.83582877965e-01
5.55441277826e-01 2.69294925625e-01
4.77207007574e-01 3.70196627160e-01
7.50062850188e-01 -2.81903865413e-01
-4.66788378296e-01 -4.15857188132e-01
-4.92607145800e-02 9.71179611967e-01
5.65033511056e-01 1.90069517675e-01
-3.30977254236e-01 -7.11012315802e-01
-1.93427689929e-01 -1.93282249474e-02
4.34799936337e-01 6.95355741165e-01
5.10690723318e-01 -7.70231772107e-01
8.36830498109e-02 -4.89339337446e-01
-1.09473689045e-01 -3.45515300215e-01
3.16647599133e-01 -6.09078146335e-01
-3.60171463974e-01 1.75377903122e-01
8.96677423220e-01 -2.33244970084e-01
-1.05389722206e-01 -5.99503890425e-01
-5.74706344667e-01 -6.39329235833e-01
4.34347042085e-02 5.57187182623e-01
5.41224955367e-01 2.78860639445e-01
4.71849024050e-01 5.69357383330e-02
-1.59505722187e-02 3.59064135402e-01
-5.75227782864e-01 -5.64119651711e-01
4.44458582180e-01 4.13429027150e-01
4.54821721862e-02 -8.63551213342e-01
2.62636297039e-01 -9.44926064436e-01
5.25505934621e-01 -1.25632321986e-01
-2.55122921083e-01 -3.05771740761e-01
-7.19505715985e-01 4.88790289261e-01
6.86235513392e-01 -5.58747335132e-01
8.99296198925e-01 4.34120759104e-01
-3.17993164676e-01 6.45849959760e-01
-3.47404839167e-01 -9.25745342824e-01
4.93106418053e-01 4.56128041472e-02
-7.46425218296e-02 -7.63929679880e-01
-4.03845768144e-01 8.27800562525e-01
-8.06851535014e-01 1.09331820677e-01
3.55812868735e-01 7.96941630448e-01
-6.71543948199e-01 4.05625223837e-01
-7.77319290572e-01 4.99595110072e-01
5.63063736802e-01 -2.81412075405e-02
2.46002397149e-01 -4.62765131827e-01
3.55832594147e-01 8.56754977189e-01
8.83625437451e-01 -4.23891824402e-01
-4.36691215000e-01 4.24039350554e-01
-7.13487531856e-01 -5.92346712757e-01
8.67835739566e-01 -4.76283932792e-01
6.37233694846e-01 -1.44170775611e-01
-2.25401342486e-01 -5.51924949303e-01
-2.54974528800e-01 4.80117243938e-02
-2.19937426606e-01 -8.39521629661e-01
-2.94902474291e-01 -1.10963346023e-01
-1.94521140863e-01 1.65756292253e-01
-8.27106545599e-01 3.27875372641e-01
2.17885538106e-02 -4.91760041328e-01
-4.29455474685e-01 -3.32841148289e-01
-8.16698701967e-01 -5.61948052403e-01
8.04042712694e-01 -2.82023881228e-01
4.77552002984e-01 -1.31903606994e-01
3.10588543914e-01 -8.66036033195e-01
1.60817219485e-01 -3.74270057946e-01
-1.24782484549e-01 -1.08496796856e-01
-6.45753740168e-01 5.35580596670e-01
2.13674935146e-01 -3.45966464535e-01
8.06673216543e-01 -2.89980347869e-01
-8.19775789892e-01 1.13505561423e-01
-6.87002833787e-01 -5.80589706349e-03
-3.66066114682e-01 1.12911914062e-01
3.57799581419e-02 6.38223516586e-01
1.73722985281e-02 7.81099638334e-03
-2.24859608908e-01 -7.41981401919e-01
-8.85362173843e-02 -8.05259724523e-02
-8.91171351956e-01 -1.37476674811e-01
-5.71692901464e-01 3.85025902831e-02
-3.98099754657e-01 -4.25855125965e-01
4.51353823511e-01 2.88630964835e-01
5.74370944674e-01 -2.59268033905e-01
-1.82399136565e-01 -8.30619175840e-01
-8.58913975702e-01 -4.00899752696e-01
3.18675199206e-01 -1.86918119521e-01
4.83294483499e-04 1.13759259746e-02
-4.63307641197e-01 2.58062807498e-01
-8.73881071747e-01 1.31271649679e-01
-2.93332315652e-01 8.85059726371e-01
5.77248695110e-01 -7.94100681224e-01
-9.89118307358e-02 -3.27667732410e-01
3.76805217646e-01 -2.26477147651e-01
-8.59570489665e-02 2.53468609067e-01
-1.30715812152e-01 6.28674400797e-01
-7.53916990829e-01 3.85464509197e-02
-7.90632321402e-01 -4.19109232453e-01
-3.68898984682e-01 5.01892855625e-03
-8.21806895464e-01 -1.72318128484e-01
8.60910380194e-01 2.25836697605e-01
6.47118963137e-01 -1.69559731693e-01
1.78441329477e-01 1.96299687585e-01
-1.29539189455e-01 -5.40152046615e-01
1.76915592131e-01 6.34266651065e-01
-9.01073157741e-01 3.99461635574e-02
6.36480522173e-01 -2.57756744166e-01
-6.59946984453e-01 -1.14379331057e-01
-7.99893262703e-01 -1.39929223405e-01
1.23645649349e-02 -6.82637266667e-01
-3.45703440414e-01 2.08485489343e-01
9.67055663451e-01 -7.04661454402e-02
2.93859840042e-01 3.80773309330e-01
-6.11967739468e-01 -3.82112644325e-01
5.47850324562e-01 4.24390321329e-01
3.54246875902e-01 7.34136807608e-01
1.83636796281e-01 5.25713273103e-01
4.72038609661e-01 -5.42490664657e-01
1.99669184722e-01 3.60325626731e-01
8.46966707076e-01 1.48070225095e-01
-3.22063508128e-01 -6.37345318979e-02
3.23539752198e-01 2.64212763991e-02
4.69608708038e-01 -5.40283972183e-01
-6.53491581629e-01 2.83768234441e-01
-3.30024106116e-01 -6.78248640000e-01
-7.39218056080e-01 -6.33764779956e-01
-5.69970832006e-01 -5.73666237096e-01
3.99522314500e-01 4.04254887907e-01
2.20947572599e-01 -1.29673739490e-01
1.04305720471e-01 -2.73162190464e-01
-8.41063949205e-01 4.32444345873e-01
-4.32939281423e-01 2.09279477228e-01
-1.66658717751e-01 7.39089931240e-01
-2.98138600913e-02 -6.02782940307e-01
-9.59405790996e-01 1.74464786972e-01
-4.39175763372e-02 7.14126108081e-01
2.59359530760e-01 -5.39477904113e-01
6.49309843150e-02 8.01897455846e-01
-7.37839849078e-02 5.84475095656e-02
1.38240327657e-01 7.63870352769e-01
-1.74965942826e-01 -9.70056434148e-01
-2.97292933472e-01 1.34444082684e-01
5.93117947501e-01 -3.68241970133e-01
8.64710676421e-01 4.66379195203e-01
-4.39096562303e-01 1.81563548363e-01
1.00865934557e-01 -5.35799409978e-01
5.53565266334e-01 6.79082484301e-02
2.66421290704e-01 -3.05322240715e-01
-2.70929266359e-01 -4.30251414622e-01
4.51085924847e-01 3.47768302703e-01
-6.87192553043e-02 3.91198930047e-01
-1.35029716014e-01 -3.87638644496e-02
6.53230463924e-01 3.16872117257e-02
1.78142419634e-01 8.83628806045e-01
5.17877262792e-01 -7.83533007737e-01
6.06488970856e-01 -5.41207111227e-01
-1.68034984343e-01 4.00571256597e-01
7.03490408931e-01 6.09070605416e-01
-2.21321929815e-01 8.99854624132e-02
7.31567167552e-01 -2.34679586829e-01
-6.04176322745e-01 1.93400629420e-01
-7.96136911864e-01 3.17192284072e-01
-1.67402555778e-01 -3.93510364645e-01
-9.88158635324e-02 -8.29809787604e-01
-8.66638493662e-01 -2.73802371357e-01
-8.23377633385e-01 2.46303209684e-01
5.82100203066e-01 3.93242794272e-02
-6.43663124015e-01 1.37163055659e-01
-4.33039206747e-01 5.22814498061e-01
2.72203155454e-01 8.73830051103e-01
-4.33380174187e-01 2.55623104635e-01
-8.34706887060e-02 8.61658033850e-01
-2.45392523355e-01 8.79165707100e-01
-8.64782357060e-02 1.85744350397e-01
-6.74986169522e-01 3.22848173474e-01
-2.40984442756e-02 -5.33925148441e-01
3.42714376442e-01 7.38457418391e-02
-4.28046514014e-01 -7.25853373169e-01
-7.76706184622e-02 8.94682265769e-01
2.38764667529e-01 8.82087742855e-01
-6.81086289548e-01 -5.19612483457e-01
-4.36212649306e-01 4.03554469069e-01
7.49418778228e-01 -2.25012384926e-01
-3.55306676289e-01 7.88895903988e-01
3.09422816760e-01 -2.92707197970e-01
-2.24439894419e-01 -3.30533466921e-01
4.87130294315e-01 8.52196822805e-01
2.78605471029e-01 -1.07725075962e-01
-3.44803704575e-01 -8.69953136831e-01
-5.73801554541e-01 3.31111034998e-01
-4.76747504192e-01 -2.89480918688e-01
6.48894613445e-01 -4.45843730795e-01
1.64540135378e-02 9.97509835287e-01
-3.80694221417e-01 -8.37010966538e-01
4.80019064378e-01 5.61007127893e-01
-7.17427535782e-01 1.44814108566e-02
3.91651669234e-01 -5.52812333942e-01
5.97777253761e-01 -5.73478740441e-01
-3.07973482324e-01 5.41041759560e-01
5.72221948566e-01 -1.68608748898e-01
7.25941514469e-01 5.52623251245e-01
-3.62944009417e-01 6.75712515449e-01
-1.12518204894e-01 8.51635610616e-01
-4.79729843084e-01 5.85864070144e-02
-2.68471700730e-01 -1.10297226398e-02
-2.64311703511e-01 2.90275975731e-01
-8.66474177626e-01 8.27577342665e-02
1.25532331469e-01 1.69977056407e-01
7.46760929817e-01 -4.51227124059e-02
-7.32245792510e-01 4.12993720459e-01
-2.55726938721e-01 7.42877508394e-01
-1.68386548370e-01 1.17913512102e-01
2.29564712024e-01 -8.83205661496e-01
-7.99091189075e-01 -1.64757608978e-01
6.14860021330e-01 2.17322606229e-01
-8.53089278495e-01 4.29926343928e-01
-1.26724049042e-01 7.97626101783e-02
-8.00040900614e-01 -3.56612118593e-01
-2.37839133124e-01 7.94676379205e-01
3.83263179280e-02 -3.12936479837e-01
-3.07911387788e-02 -3.37019012001e-01
2.51631415566e-02 -7.03639813561e-01
8.94668649833e-01 -1.90308891791e-01
2.83026417383e-01 -6.71626917865e-01
-8.38048197254e-01 -4.38772461116e-01
-3.18132755029e-01 4.06631142556e-01
-2.56870122280e-01 4.53074269673e-01
-6.89309167531e-01 2.01681865007e-01
7.29289742992e-01 2.04267610425e-01
9.10061097662e-01 -7.65321371502e-02
7.60959416517e-01 5.50440771296e-01
-4.24465384998e-01 4.32749367055e-01
-4.04780698663e-01 5.43168779250e-01
3.43849686600e-01 -2.90142626171e-01
4.60148952184e-02 6.30010736934e-01
6.73298294504e-01 -4.46687492284e-01
-7.18684526029e-01 -5.16557930744e-01
5.65070722981e-01 1.71962053129e-01
-1.76229527768e-01 2.35463078243e-02
2.91820981210e-01 8.96462541957e-01
-1.74977564800e-01 4.29525162759e-01
-6.48659832612e-01 5.02122738632e-02
3.27144505143e-01 5.43990120079e-01
6.63967887714e-01 -3.43427197702e-01
-1.46167179172e-01 8.38161295204e-01
5.78731043999e-01 7.72825311764e-01
2.95889036402e-01 5.85683285066e-01
-1.92130993676e-01 6.75181360298e-02
1.60344073158e-01 -5.37136359856e-01
5.41153656105e-01 -8.19881353443e-01
-1.80697971573e-01 -7.73387689969e-01
-8.40688034818e-01 -6.91147973151e-02
5.11270786408e-01 3.74318042479e-01
-6.78050074576e-01 -4.89366540448e-01
1.69790696897e-01 5.06346096055e-01
3.76517419413e-01 4.99124266905e-01
8.56046514053e-02 -8.65296130006e-01
3.39143199538e-01 5.80793330251e-01
3.85950628382e-01 7.42231979846e-01
3.24835687561e-01 -5.74871019262e-01
-3.21000084896e-01 -7.85486659867e-01
-7.58645378872e-01 6.04230630027e-01
3.89513767971e-01 1.67817988045e-01
-5.27696728486e-01 -6.82817671300e-01
6.31610322572e-01 4.10079059848e-01
-1.28861257401e-01 7.86555321788e-01
1.41074344116e-01 -4.34849019831e-01
-4.09529432379e-01 6.98638335661e-01
-4.88621229533e-03 1.10314950864e-01
-3.20420505163e-01 -1.32615667364e-01
2.03543040531e-01 4.46661831553e-01
4.54402296550e-01 -2.06438326373e-02
-2.61289061634e-01 2.49406662420e-01
1.69418584169e-01 -5.88909487049e-01
6.81400689148e-01 -5.23673158849e-01
-1.81136371187e-01 -3.61928626598e-01
8.17519854669e-01 -4.47264013555e-01
-3.47160683175e-02 -9.70614934326e-01
6.00027994066e-01 7.62605992967e-01
5.02158366843e-01 6.81767425352e-01
5.72166569332e-01 6.40490650032e-01
1.73624562646e-01 -4.08468205206e-01
-9.10864235792e-01 -2.48089234926e-01
1.17011966704e-01 1.36174132645e-01
2.03569438869e-01 5.34999748010e-02
-5.58139110710e-01 2.46126051175e-02
-7.52464168590e-01 -9.86582483624e-02
-4.25040996366e-01 5.79422664633e-01
7.07422897083e-01 4.00131438579e-01
8.87362775806e-02 2.70351173016e-01
4.72232648391e-02 3.78489784607e-01
-7.76547101222e-01 -1.59152506459e-01
3.67553266868e-02 -9.02490925930e-01
-2.96048586860e-01 2.53825342867e-01
-4.13945629920e-01 1.64768797888e-01
1.15485597921e-01 -1.27056284401e-01
9.32527854076e-01 -3.09474030188e-01
1.86740950303e-01 -3.13076490216e-01
2.46225157867e-03 -2.22101266134e-01
5.81540668188e-01 -5.58105834554e-01
-5.10067395172e-02 3.11043399997e-01
5.80632709703e-01 -7.57743324040e-01
5.76627585374e-02 4.64927616280e-01
7.59772228897e-01 5.16156953534e-01
8.67791689871e-01 1.68568690852e-01
-8.79977763575e-01 3.17320585864e-01
-3.70653854390e-01 4.36920487060e-01
5.84571686380e-01 4.77618918511e-01
-6.04501852582e-01 -3.96102042588e-01
5.26449789073e-01 -4.72771439456e-01
-6.67257168175e-01 -5.05587072813e-01
1.86126294167e-01 -2.52824560857e-02
-7.14771848970e-01 1.82149385653e-01
-5.69562046588e-01 4.72916975372e-01
3.07927624932e-01 -4.96391915482e-01
5.64312313480e-01 7.44055658460e-01
-4.08461622618e-01 -5.89987302939e-01
5.94511839372e-01 -6.55923065569e-01
-3.51289101574e-01 6.40875622463e-01
3.45765579187e-01 -4.03677565699e-01
-2.71354473788e-01 8.65564363946e-01
-3.90871650256e-01 4.57026087426e-01
-5.19605866410e-01 5.83058754719e-01
5.27200940776e-01 -6.69315852071e-01
-4.80789819491e-01 4.32981761840e-01
2.13753227710e-01 -4.41250821315e-01
8.85899472463e-02 -4.91158587621e-01
-8.15059008922e-01 4.73573354759e-01
-8.25072779239e-01 -4.18819961799e-01
2.58304038671e-01 5.29602454291e-02
-2.22735680278e-01 -2.33893347547e-01
3.44830850765e-01 6.96262060989e-02
3.03388913769e-01 -1.32327691248e-01
-1.41404090981e-01 -1.76563776646e-01
-1.31854199400e-01 3.44388740763e-01
-6.04050695712e-01 -6.31384276613e-01
3.59158429950e-01 -4.26699039725e-02
-5.02931245371e-01 8.13440890430e-02
3.21840452646e-01 4.81747468226e-02
-9.23806690575e-01 -2.42740946469e-01
-3.55241575909e-01 -2.79660587795e-01
-2.69115879326e-02 9.23305522615e-01
-6.36773945595e-01 2.56564845916e-01
5.17685613836e-02 -1.40566401715e-01
-5.44191793326e-01 3.07791350087e-01
-7.06034852986e-01 -6.15602418601e-01
-6.75579433178e-01 -3.44942893528e-01
5.27176444199e-01 6.69453770700e-01
1.10781969088e-01 3.86436336388e-01
4.75749127323e-01 1.24774542695e-02
3.81802640567e-01 -6.77006954177e-01
3.43192687884e-01 -8.33836114888e-01
2.84458297903e-01 3.78564865039e-01
8.00377469417e-01 1.99744659569e-02
-5.47804404305e-04 -5.57364891543e-02
-6.48593413946e-02 -3.18470606263e-01
-5.24060408363e-01 7.20721064005e-01
-1.69008071147e-01 -1.84017157733e-01
-2.73521595296e-01 -9.36176967777e-01
7.89858925058e-01 -5.81157184011e-01
1.58100993912e-01 -8.71554004900e-01
3.57803045939e-02 -6.79534968771e-01
-7.38979987679e-01 -3.91835565861e-02
5.95808099301e-02 9.16732069066e-01
2.11765160417e-01 -6.57127845873e-01
-1.81236098139e-01 5.90374558042e-01
2.82141106800e-01 -7.46026293256e-01
-4.11726360867e-01 6.01751957835e-01
-5.31831182321e-01 5.47267167618e-01
-6.97699799062e-01 -1.18959199227e-01
2.78380240909e-01 -3.48417645017e-01
4.09746898063e-01 3.39165946161e-01
8.11414526688e-01 -2.96368067756e-01
5.33038710958e-01 -7.31821995104e-01
-6.26622972836e-01 4.57565604456e-01
3.92079886697e-01 -8.04465082383e-01
8.58219582521e-01 -2.78220209423e-02
-2.32440096900e-01 -5.00351744471e-01
8.81488989518e-02 6.76158377750e-01
7.85526594979e-01 -2.40652580392e-01
4.04432962371e-01 -6.93365566290e-01
9.08526823813e-01 2.59863586752e-01
5.23866578715e-01 -5.16238108052e-01
-2.14685713507e-01 -8.02307689470e-01
9.82265379272e-01 6.05953294135e-02
-6.06433984640e-01 6.92783377922e-01
-2.38099367003e-01 3.55645554771e-01
6.13940072066e-01 -5.68856306173e-01
6.66544005119e-01 5.26774066280e-01
1.83763075240e-01 5.32760474613e-01
3.03152692645e-02 9.89027537400e-01
-8.04408489635e-01 1.40018510232e-01
-4.96863811508e-02 -6.64182468627e-02
2.97084767975e-01 9.50165470108e-01
1.46858184201e-01 4.57713709892e-01
-4.13889109815e-01 7.91972177938e-01
2.25614009996e-01 -8.87690064445e-01
-2.26850554918e-01 3.16205139885e-01
5.92760156650e-01 -3.26019036270e-01
-8.11121350998e-01 -3.61196076200e-01
5.97409074007e-01 -7.91258967384e-01
7.40886572628e-01 8.99658599356e-02
3.22141493821e-02 6.84151655847e-01
2.21022018800e-01 -1.62077150849e-01
8.17478466694e-01 2.95581697158e-01
-8.44793263751e-01 -2.05364147762e-01
-6.53052335443e-01 3.55248698664e-01
-4.39894526005e-01 5.05373293304e-01
-7.23156623413e-01 5.49681918486e-01
4.37894941046e-01 -7.67276351232e-01
-6.87413109321e-01 -5.20570298434e-01
-5.85120620944e-01 4.00743351970e-01
-3.63011336589e-01 -3.01867663070e-02
6.39102373104e-01 -2.22428778756e-01
-6.07282670032e-01 -1.77682636854e-01
3.60223486722e-01 -5.78124682223e-01
-2.97103231445e-01 -7.83072200503e-01
-6.63901021548e-01 -1.69368612193e-01
4.42268932444e-03 9.14955982899e-01
-1.07955065140e-01 -7.98092182166e-02
2.52580740607e-02 7.62332539895e-01
-3.38237465982e-01 9.31502897260e-01
-3.75835613057e-01 -4.73845866729e-02
5.29189156149e-01 6.24678956170e-01
-3.37316604954e-01 9.34111500128e-01
6.83878742943e-01 1.89949302557e-01
3.35862502146e-01 6.04290783221e-01
3.80619305829e-01 -5.94059069452e-01
-1.13850971271e-01 -6.79421649165e-01
6.51668939112e-02 -6.28182302987e-01
1.06450518177e-01 -2.97122724027e-01
-6.32453379516e-02 3.00089420425e-01
-1.12987939787e-01 -8.03038584908e-01
-8.52270312538e-01 -1.87147730117e-02
-1.18546796552e-01 4.40180434585e-01
1.29032223545e-02 1.37868425407e-01
2.49283047975e-01 2.49320088536e-01
7.63029034139e-01 1.70919620977e-01
7.06964048421e-01 -1.32146991385e-01
-7.80773654478e-01 -4.86562441795e-01
1.32826810299e-01 -6.63445125177e-01
8.86100865847e-01 3.21998208445e-01
4.46889225136e-01 -1.47670002257e-01
6.06945544298e-01 7.24096899258e-02
2.56411096666e-01 6.20595678045e-02
4.39783202223e-01 6.99939575838e-01
5.38297054143e-01 3.33639833766e-01
2.11628284870e-01 1.05944611647e-01
1.86393721582e-01 7.65415497015e-01
-3.24776590487e-01 7.32967699754e-01
1.82143728799e-01 3.95725520978e-01
2.96224402867e-01 -8.63513984654e-01
9.63367023954e-02 -2.60335210366e-01
-7.12948228099e-01 -6.27597010521e-01
7.21568303053e-01 -3.36833808262e-01
-3.26895025245e-01 -4.18387088188e-02
-1.05379554492e-02 -2.17768170507e-01
-2.57248879996e-01 8.39336197748e-01
4.12949694979e-01 4.78271016608e-01
7.47276682289e-01 4.95532960862e-02
4.63629601274e-01 4.28966017174e-01
-2.59605435310e-01 -4.42546778099e-01
3.72138046833e-02 -2.58574816984e-01
-7.56305954771e-02 -6.94540464643e-02
4.14794698085e-01 6.44451678565e-01
5.20492236838e-01 -4.74228065216e-01
6.90020781797e-01 1.03897662416e-01
5.49435941758e-03 7.11103067599e-01
-5.02077320359e-01 8.13456854696e-01
-5.89268322843e-01 -2.18840497648e-02
2.55407078776e-01 4.87895437278e-01
6.09771988173e-01 -7.52573148698e-02
-6.96633500371e-02 2.90909945635e-01
-3.67322416681e-01 6.64956685931e-01
-2.21843002933e-01 5.75255173061e-01
4.79326485879e-02 3.45385535315e-01
-3.51316799108e-01 -5.70319522903e-01
-4.53406675464e-01 2.06407863277e-01
-7.73224353685e-01 2.25766155508e-01
-3.43814414620e-01 3.82561032373e-01
9.43113424789e-01 7.28604146619e-02
-4.63290408004e-01 7.93639490285e-01
7.44134740785e-01 4.24237491295e-01
3.28852559127e-01 -2.36585882137e-01
-3.81925507161e-01 8.22294023737e-01
8.67686559385e-01 -4.21468388020e-01
5.04317739748e-01 -7.79344147900e-01
-6.99693204695e-01 -3.40878973408e-01
7.72866393334e-01 -1.17361966110e-01
6.54761933561e-01 -2.36690181883e-01
2.96588194229e-01 4.71019514590e-01
-2.10323371557e-01 1.57953692208e-01
-6.49313633167e-01 5.69784139083e-01
-4.36591730191e-01 5.29521005475e-03
-5.37109481887e-01 -1.29022002746e-01
-3.50902175229e-01 -8.18762309765e-01
5.67733006351e-01 8.15892886285e-01
2.46246322638e-01 -5.94671657120e-01
-9.39478399670e-03 -9.52390707076e-01
4.82493120005e-01 -7.24227012938e-01
-2.15308473080e-01 -4.86828000511e-02
4.47673465799e-01 6.73016512614e-01
-3.29801334687e-01 -7.59571514912e-01
5.97463604807e-01 -4.40830178298e-01
-1.18769227117e-01 -2.95225884437e-01
-7.80595390955e-01 1.71491602050e-01
-1.44027203854e-01 8.10756135644e-01
-5.18833379968e-01 -2.42280164381e-01
-2.02041899414e-01 -3.61941895151e-01
4.93595052275e-01 7.12883433193e-01
7.10085948794e-01 -2.52605578980e-02
8.48284391616e-01 -2.05251758548e-01
4.32623595666e-01 8.53919282488e-01
1.67026525907e-01 7.04405320671e-01
-3.13369121083e-01 3.39461211739e-01
-1.48241765401e-01 4.56602116794e-01
2.85362285229e-01 -3.97407165448e-01
7.67137345749e-01 2.37222160323e-02
-3.73605060099e-01 -8.28816808680e-01
-5.48022474883e-01 8.25273292523e-03
-8.25347227894e-01 -3.93241973311e-01
-4.09687055931e-01 8.26210631908e-01
-1.43384267177e-01 -4.91978037866e-01
-9.53521735013e-01 -3.44881541256e-02
-4.66291128409e-01 4.90597458319e-01
4.14360814455e-01 2.73570777044e-02
-2.89444743325e-01 9.79801030354e-02
-6.54303087692e-01 -1.00860659546e-01
8.70064651533e-01 7.31420237912e-04
4.99383896356e-01 1.32024813971e-01
-1.36596208036e-01 -4.95812884297e-01
7.50764227356e-01 1.10021760273e-01
3.72716448909e-01 2.88461153995e-01
-8.49627926876e-01 1.07945626186e-01
-4.70817777082e-01 6.98403378808e-01
-4.47989036072e-01 8.40132660158e-01
-2.48173238359e-01 -4.48679887433e-01
6.68353203530e-01 5.52010767885e-01
7.23669209389e-01 9.51865758259e-02
-7.69240650241e-01 -4.65660399509e-01
-3.85588235401e-02 -9.41011834862e-01
3.14662662016e-01 3.33797169539e-01
-9.87244815560e-01 1.08100386852e-01
-7.10391219570e-01 -1.45804924493e-01
-5.92530172128e-01 2.53519302818e-01
-7.02392522107e-01 -6.74230766331e-01
-6.92111312268e-01 2.60863726614e-01
6.00372685865e-01 2.56501330648e-01
-2.28690545647e-01 -2.14835982404e-01
7.92801543974e-01 2.59329582220e-01
5.25667798485e-01 7.12261795864e-01
3.90266212351e-01 -3.82069155286e-01
3.23019367327e-01 -3.86272166570e-01
5.60507104527e-01 -3.39992033010e-01
-2.71926154975e-01 -9.22937128657e-01
-9.99349873047e-02 3.75289773278e-01
-6.54459641154e-01 6.74735645612e-01
1.22169658133e-01 -9.11995188292e-01
8.60768149542e-01 4.82669013311e-01
-2.00064513460e-01 1.25608274306e-01
-4.24004001275e-01 5.42905546512e-01
7.99299166910e-02 -5.56182078810e-01
1.29475866039e-01 -1.79798520720e-01
-2.38312059193e-02 -7.18871491830e-01
-3.80266600000e-01 -4.47148984972e-01
7.37911669415e-01 5.87585881160e-01
-1.52117956966e-01 9.62897217815e-01
1.90849229317e-01 -3.33240011396e-01
-1.12421162013e-01 3.01398177306e-01
7.36288449604e-01 1.38433521212e-01
6.21219977560e-01 -5.98732005618e-01
1.16212892866e-01 -7.53546478112e-01
-6.71670162432e-02 9.66594221986e-01
5.94107420926e-01 5.63879017515e-01
5.04472828239e-01 -1.87449857214e-01
7.01212229999e-01 -6.62501900300e-01
-8.23510736145e-01 -2.86148475151e-01
6.55190300036e-01 1.47496855421e-01
-7.20418278929e-01 -5.55064895914e-01
1.01073878399e-01 -4.45027235637e-01
-1.90879782285e-01 3.48724119062e-01
-2.99550714576e-01 6.52609844530e-01
1.62694544142e-01 4.94791544273e-02
-2.56680631664e-01 1.57695058341e-01
-4.84660995884e-01 6.55539138082e-01
-4.56238734283e-01 -7.45092639581e-01
-5.30095080626e-01 -4.60521321493e-01
2.92163370779e-01 8.10023386874e-01
-6.59557877881e-01 -6.77459380439e-01
-1.27302700247e-01 -1.20268559605e-01
